320	0.000631
325	0.000868
330	0.00147
335	0.00148
340	0.00166
345	0.00156
350	0.00184
355	0.00219
360	0.0022
365	0.00234
370	0.00289
375	0.0023
380	0.00278
385	0.00272
390	0.00327
395	0.00336
400	0.0047
405	0.00492
410	0.00453
415	0.00535
420	0.00495
425	0.00556
430	0.00392
435	0.00564
440	0.00615
445	0.00671
450	0.00721
455	0.00708
460	0.00716
465	0.00722
470	0.00713
475	0.0077
480	0.00774
485	0.00753
490	0.00782
495	0.00797
500	0.00749
505	0.00761
510	0.00755
515	0.00749
520	0.00747
525	0.00776
530	0.00761
535	0.00767
540	0.00733
545	0.00764
550	0.00764
555	0.00777
560	0.00734
565	0.00759
570	0.00741
575	0.0074
580	0.00753
585	0.00769
590	0.00689
595	0.0072
600	0.00743
605	0.00751
610	0.00741
615	0.00742
620	0.00744
625	0.00709
630	0.00705
635	0.00731
640	0.00725
645	0.00737
650	0.00688
655	0.00684
660	0.00709
665	0.0072
670	0.00719
675	0.00707
680	0.00708
685	0.00697
690	0.00601
695	0.00646
700	0.00651
705	0.00671
710	0.00669
715	0.0064
720	0.00503
725	0.0053
730	0.00576
735	0.00621
740	0.00622
745	0.00638
750	0.00631
755	0.00634
760	0.00138
765	0.00355
770	0.00596
775	0.00604
780	0.00598
785	0.00596
790	0.00562
795	0.00563
800	0.00553
805	0.00544
810	0.00546
815	0.00464
820	0.00447
825	0.00502
830	0.00475
835	0.0052
840	0.00527
845	0.00527
850	0.00464
855	0.00474
860	0.00514
865	0.00501
870	0.00503
875	0.00482
880	0.00489
885	0.00492
890	0.00482
895	0.00425
900	0.00389
905	0.00427
910	0.00328
915	0.00356
920	0.0039
925	0.00373
930	0.00228
935	0.00133
940	0.00249
945	0.00194
950	0.00078
955	0.0018
960	0.00222
965	0.00266
970	0.00334
975	0.00311
980	0.00319
985	0.00362
990	0.00385
995	0.00396
1000	0.00387
1005	0.00359
1010	0.00379
1015	0.00373
1020	0.00368
1025	0.00368
1030	0.00364
1035	0.0036
1040	0.00355
1045	0.00351
1050	0.00346
1055	0.00343
1060	0.00336
1065	0.00333
1070	0.0032
1075	0.00314
1080	0.00316
1085	0.00314
1090	0.00295
1095	0.00276
1100	0.00258
1105	0.00269
1110	0.00255
1115	0.00133
1120	0.000759
1125	0.000772
1130	0.000378
1135	8.29e-05
1140	0.00137
1145	0.000782
1150	0.000652
1155	0.00167
1160	0.00153
1165	0.00208
1170	0.00245
1175	0.00241
1180	0.00235
1185	0.00218
1190	0.00247
1195	0.00239
1200	0.00239
1205	0.00233
1210	0.00242
1215	0.00229
1220	0.00245
1225	0.00247
1230	0.00246
1235	0.00249
1240	0.00246
1245	0.00244
1250	0.00244
1255	0.00241
1260	0.00231
1265	0.00212
1270	0.00208
1275	0.00221
1280	0.00226
1285	0.00227
1290	0.00221
1295	0.00217
1300	0.00189
1305	0.00206
1310	0.00162
1315	0.00154
1320	0.00139
1325	0.00173
1330	0.00123
1335	0.00124
1340	0.000908
1345	0.000589
1350	8.67e-05
1355	1.95e-08
1360	1.16e-08
1365	4.92e-14
1370	1.58e-09
1375	1.75e-06
1380	4.42e-07
1385	1.13e-08
1390	2.68e-06
1395	3.65e-09
1400	1.76e-11
1405	1.98e-09
1410	2.54e-06
1415	9.99e-07
1420	4.5e-05
1425	0.000141
1430	0.000335
1435	0.000117
1440	0.000216
1445	0.000271
1450	0.000149
1455	0.00036
1460	0.000465
1465	0.000509
1470	0.000271
1475	0.001
1480	0.000331
1485	0.000681
1490	0.000951
1495	0.000993
1500	0.00136
1505	0.001
1510	0.00147
1515	0.00144
1520	0.00144
1525	0.00141
1530	0.00139
1535	0.00145
1540	0.00144
1545	0.00151
1550	0.00147
1555	0.00146
1560	0.00145
1565	0.00145
1570	0.00131
1575	0.0013
1580	0.00133
1585	0.00141
1590	0.00131
1595	0.0014
1600	0.00129
1605	0.00129
1610	0.00118
1615	0.00131
1620	0.00128
1625	0.00129
1630	0.00129
1635	0.00127
1640	0.00117
1645	0.00119
1650	0.00123
1655	0.00121
1660	0.00122
1665	0.00115
1670	0.00121
1675	0.00116
1680	0.00112
1685	0.00116
1690	0.00112
1695	0.00114
1700	0.00109
1705	0.00108
1710	0.00103
1715	0.00103
1720	0.00102
1725	0.000972
1730	0.00095
1735	0.000882
1740	0.000918
1745	0.000845
1750	0.000904
1755	0.000836
1760	0.000873
1765	0.000726
1770	0.000774
1775	0.000628
1780	0.000549
1785	0.000421
1790	0.000486
1795	0.000257
1800	0.000174
1805	8.11e-05
1810	5.3e-05
1815	1.8e-05
1820	5.4e-06
1825	6.97e-06
1830	2.85e-08
1835	3.51e-08
1840	3.43e-10
1845	3.43e-08
1850	1.64e-08
1855	1.56e-09
1860	6.11e-08
1865	9.31e-08
1870	1.46e-12
1875	2.48e-12
1880	4.26e-07
1885	2.41e-07
1890	1.23e-06
1895	7.13e-07
1900	4.75e-09
1905	3.12e-09
1910	1.27e-07
1915	1.1e-07
1920	2.49e-06
1925	5.17e-06
1930	3.05e-06
1935	1.98e-05
1940	1.81e-05
1945	5.99e-05
1950	9.22e-05
1955	5.53e-05
1960	0.000121
1965	0.000157
1970	0.000269
1975	0.000373
1980	0.000415
1985	0.000457
1990	0.000471
1995	0.000447
2000	0.00021
2005	8.25e-05
2010	0.000219
2015	0.000147
2020	0.000248
2025	0.000407
2030	0.000467
2035	0.000531
2040	0.000494
2045	0.000502
2050	0.000374
2055	0.000303
2060	0.000381
2065	0.000341
2070	0.000362
2075	0.000427
2080	0.000479
2085	0.000469
2090	0.000491
2095	0.000495
2100	0.000475
2105	0.000514
2110	0.000494
2115	0.000505
2120	0.000483
2125	0.000489
2130	0.000495
2135	0.000496
2140	0.0005
2145	0.000493
2150	0.000467
2155	0.000468
2160	0.000464
2165	0.000421
2170	0.000452
2175	0.000444
2180	0.000451
2185	0.000411
2190	0.000436
2195	0.000436
2200	0.000393
2205	0.000408
2210	0.000437
2215	0.000421
2220	0.000429
2225	0.000416
2230	0.000418
2235	0.00041
2240	0.000404
2245	0.000391
2250	0.000398
2255	0.000374
2260	0.00037
2265	0.000377
2270	0.000359
2275	0.000354
2280	0.000367
2285	0.000349
2290	0.00035
2295	0.000339
2300	0.000326
2305	0.000328
2310	0.000354
2315	0.000322
2320	0.000288
2325	0.000311
2330	0.000315
2335	0.000321
2340	0.000254
2345	0.000285
2350	0.00023
2355	0.000263
2360	0.000278
2365	0.000274
2370	0.000171
2375	0.000245
2380	0.000236
2385	0.000171
2390	0.000206
2395	0.000225
2400	0.000245
2405	0.000186
2410	0.000188
2415	0.000151
2420	0.000148
2425	0.000184
2430	0.00025
2435	8.26e-05
2440	0.00024
2445	0.000116
2450	7.57e-05
2455	0.000138
2460	0.000186
2465	0.000134
2470	9.31e-05
2475	9.16e-05
2480	4.48e-05
2485	3.13e-05
2490	1.96e-05
2495	1.6e-05
2500	3.94e-05
