320	1.1240E-01
325	1.5460E-01
330	2.6120E-01
335	2.6400E-01
340	2.9570E-01
345	2.7770E-01
350	3.2820E-01
355	3.9030E-01
360	3.9130E-01
365	4.1690E-01
370	5.1520E-01
375	4.0970E-01
380	4.9610E-01
385	4.8500E-01
390	5.8290E-01
395	5.9920E-01
400	8.3740E-01
405	8.7590E-01
410	8.0670E-01
415	9.5290E-01
420	8.8210E-01
425	9.9020E-01
430	6.9930E-01
435	1.0040E+00
440	1.0960E+00
445	1.1960E+00
450	1.2840E+00
455	1.2620E+00
460	1.2750E+00
465	1.2870E+00
470	1.2710E+00
475	1.3720E+00
480	1.3790E+00
485	1.3420E+00
490	1.3930E+00
495	1.4200E+00
500	1.3350E+00
505	1.3560E+00
510	1.3460E+00
515	1.3350E+00
520	1.3310E+00
525	1.3820E+00
530	1.3560E+00
535	1.3660E+00
540	1.3060E+00
545	1.3620E+00
550	1.3610E+00
555	1.3840E+00
560	1.3080E+00
565	1.3520E+00
570	1.3200E+00
575	1.3190E+00
580	1.3420E+00
585	1.3700E+00
590	1.2280E+00
595	1.2830E+00
600	1.3240E+00
605	1.3380E+00
610	1.3200E+00
615	1.3220E+00
620	1.3260E+00
625	1.2630E+00
630	1.2550E+00
635	1.3030E+00
640	1.2920E+00
645	1.3130E+00
650	1.2260E+00
655	1.2180E+00
660	1.2630E+00
665	1.2830E+00
670	1.2820E+00
675	1.2600E+00
680	1.2610E+00
685	1.2420E+00
690	1.0720E+00
695	1.1500E+00
700	1.1600E+00
705	1.1950E+00
710	1.1920E+00
715	1.1400E+00
720	8.9680E-01
725	9.4470E-01
730	1.0260E+00
735	1.1070E+00
740	1.1090E+00
745	1.1370E+00
750	1.1240E+00
755	1.1290E+00
760	2.4640E-01
765	6.3190E-01
770	1.0620E+00
775	1.0770E+00
780	1.0660E+00
785	1.0620E+00
790	1.0020E+00
795	1.0040E+00
800	9.8570E-01
805	9.6990E-01
810	9.7200E-01
815	8.2690E-01
820	7.9670E-01
825	8.9490E-01
830	8.4680E-01
835	9.2650E-01
840	9.3850E-01
845	9.3950E-01
850	8.2660E-01
855	8.4500E-01
860	9.1500E-01
865	8.9230E-01
870	8.9670E-01
875	8.5950E-01
880	8.7180E-01
885	8.7660E-01
890	8.5830E-01
895	7.5730E-01
900	6.9230E-01
905	7.6110E-01
910	5.8380E-01
915	6.3370E-01
920	6.9450E-01
925	6.6430E-01
930	4.0560E-01
935	2.3620E-01
940	4.4280E-01
945	3.4630E-01
950	1.3900E-01
955	3.2110E-01
960	3.9570E-01
965	4.7330E-01
970	5.9520E-01
975	5.5370E-01
980	5.6780E-01
985	6.4550E-01
990	6.8640E-01
995	7.0470E-01
1000	6.8960E-01
1005	6.3950E-01
1010	6.7500E-01
1015	6.6480E-01
1020	6.5650E-01
1025	6.5540E-01
1030	6.4900E-01
1035	6.4160E-01
1040	6.3180E-01
1045	6.2530E-01
1050	6.1620E-01
1055	6.1060E-01
1060	5.9900E-01
1065	5.9290E-01
1070	5.7010E-01
1075	5.5890E-01
1080	5.6350E-01
1085	5.6000E-01
1090	5.2500E-01
1095	4.9220E-01
1100	4.5980E-01
1105	4.7930E-01
1110	4.5360E-01
1115	2.3760E-01
1120	1.3520E-01
1125	1.3750E-01
1130	6.7370E-02
1135	1.4780E-02
1140	2.4380E-01
1145	1.3940E-01
1150	1.1610E-01
1155	2.9820E-01
1160	2.7290E-01
1165	3.6970E-01
1170	4.3600E-01
1175	4.3020E-01
1180	4.1930E-01
1185	3.8800E-01
1190	4.4000E-01
1195	4.2550E-01
1200	4.2660E-01
1205	4.1590E-01
1210	4.3140E-01
1215	4.0730E-01
1220	4.3600E-01
1225	4.4010E-01
1230	4.3800E-01
1235	4.4280E-01
1240	4.3880E-01
1245	4.3500E-01
1250	4.3560E-01
1255	4.2960E-01
1260	4.1120E-01
1265	3.7760E-01
1270	3.6980E-01
1275	3.9340E-01
1280	4.0270E-01
1285	4.0460E-01
1290	3.9410E-01
1295	3.8690E-01
1300	3.3760E-01
1305	3.6680E-01
1310	2.8820E-01
1315	2.7370E-01
1320	2.4790E-01
1325	3.0850E-01
1330	2.1990E-01
1335	2.2180E-01
1340	1.6170E-01
1345	1.0490E-01
1350	1.5440E-02
1355	3.4750E-06
1360	2.0650E-06
1365	8.7580E-12
1370	2.8180E-07
1375	3.1220E-04
1380	7.8810E-05
1385	2.0200E-06
1390	4.7700E-04
1395	6.4950E-07
1400	3.1420E-09
1405	3.5290E-07
1410	4.5200E-04
1415	1.7800E-04
1420	8.0200E-03
1425	2.5070E-02
1430	5.9740E-02
1435	2.0790E-02
1440	3.8440E-02
1445	4.8290E-02
1450	2.6620E-02
1455	6.4220E-02
1460	8.2920E-02
1465	9.0650E-02
1470	4.8260E-02
1475	1.7900E-01
1480	5.8890E-02
1485	1.2130E-01
1490	1.6940E-01
1495	1.7690E-01
1500	2.4270E-01
1505	1.7830E-01
1510	2.6190E-01
1515	2.5730E-01
1520	2.5610E-01
1525	2.5070E-01
1530	2.4720E-01
1535	2.5850E-01
1540	2.5660E-01
1545	2.6840E-01
1550	2.6150E-01
1555	2.5930E-01
1560	2.5750E-01
1565	2.5900E-01
1570	2.3430E-01
1575	2.3230E-01
1580	2.3700E-01
1585	2.5060E-01
1590	2.3420E-01
1595	2.5010E-01
1600	2.3070E-01
1605	2.2940E-01
1610	2.1080E-01
1615	2.3350E-01
1620	2.2720E-01
1625	2.3040E-01
1630	2.2920E-01
1635	2.2650E-01
1640	2.0850E-01
1645	2.1150E-01
1650	2.1840E-01
1655	2.1560E-01
1660	2.1660E-01
1665	2.0550E-01
1670	2.1510E-01
1675	2.0730E-01
1680	1.9960E-01
1685	2.0700E-01
1690	1.9930E-01
1695	2.0370E-01
1700	1.9410E-01
1705	1.9220E-01
1710	1.8260E-01
1715	1.8440E-01
1720	1.8180E-01
1725	1.7320E-01
1730	1.6930E-01
1735	1.5710E-01
1740	1.6360E-01
1745	1.5060E-01
1750	1.6120E-01
1755	1.4890E-01
1760	1.5560E-01
1765	1.2930E-01
1770	1.3790E-01
1775	1.1180E-01
1780	9.7860E-02
1785	7.4980E-02
1790	8.6580E-02
1795	4.5730E-02
1800	3.1020E-02
1805	1.4440E-02
1810	9.4490E-03
1815	3.2000E-03
1820	9.6300E-04
1825	1.2430E-03
1830	5.0750E-06
1835	6.2600E-06
1840	6.1160E-08
1845	6.1120E-06
1850	2.9260E-06
1855	2.7710E-07
1860	1.0890E-05
1865	1.6600E-05
1870	2.6070E-10
1875	4.4170E-10
1880	7.5900E-05
1885	4.3000E-05
1890	2.1890E-04
1895	1.2710E-04
1900	8.4670E-07
1905	5.5640E-07
1910	2.2660E-05
1915	1.9620E-05
1920	4.4320E-04
1925	9.2060E-04
1930	5.4320E-04
1935	3.5330E-03
1940	3.2260E-03
1945	1.0680E-02
1950	1.6430E-02
1955	9.8570E-03
1960	2.1510E-02
1965	2.8030E-02
1970	4.7920E-02
1975	6.6540E-02
1980	7.4020E-02
1985	8.1390E-02
1990	8.3880E-02
1995	7.9550E-02
2000	3.7380E-02
2005	1.4700E-02
2010	3.8960E-02
2015	2.6130E-02
2020	4.4110E-02
2025	7.2570E-02
2030	8.3220E-02
2035	9.4530E-02
2040	8.8090E-02
2045	8.9380E-02
2050	6.6700E-02
2055	5.3930E-02
2060	6.7960E-02
2065	6.0780E-02
2070	6.4530E-02
2075	7.6080E-02
2080	8.5280E-02
2085	8.3600E-02
2090	8.7520E-02
2095	8.8160E-02
2100	8.4620E-02
2105	9.1500E-02
2110	8.8060E-02
2115	9.0050E-02
2120	8.6030E-02
2125	8.7050E-02
2130	8.8160E-02
2135	8.8420E-02
2140	8.9130E-02
2145	8.7880E-02
2150	8.3130E-02
2155	8.3320E-02
2160	8.2670E-02
2165	7.4960E-02
2170	8.0540E-02
2175	7.9030E-02
2180	8.0360E-02
2185	7.3240E-02
2190	7.7680E-02
2195	7.7610E-02
2200	6.9970E-02
2205	7.2730E-02
2210	7.7950E-02
2215	7.4970E-02
2220	7.6410E-02
2225	7.4180E-02
2230	7.4510E-02
2235	7.3080E-02
2240	7.1930E-02
2245	6.9710E-02
2250	7.0830E-02
2255	6.6670E-02
2260	6.5950E-02
2265	6.7160E-02
2270	6.3950E-02
2275	6.3120E-02
2280	6.5360E-02
2285	6.2210E-02
2290	6.2350E-02
2295	6.0430E-02
2300	5.8020E-02
2305	5.8370E-02
2310	6.3010E-02
2315	5.7360E-02
2320	5.1340E-02
2325	5.5460E-02
2330	5.6070E-02
2335	5.7200E-02
2340	4.5230E-02
2345	5.0720E-02
2350	4.1000E-02
2355	4.6850E-02
2360	4.9580E-02
2365	4.8770E-02
2370	3.0430E-02
2375	4.3580E-02
2380	4.2010E-02
2385	3.0440E-02
2390	3.6640E-02
2395	4.0080E-02
2400	4.3600E-02
2405	3.3190E-02
2410	3.3410E-02
2415	2.6980E-02
2420	2.6280E-02
2425	3.2710E-02
2430	4.4600E-02
2435	1.4720E-02
2440	4.2800E-02
2445	2.0600E-02
2450	1.3480E-02
2455	2.4620E-02
2460	3.3060E-02
2465	2.3940E-02
2470	1.6590E-02
2475	1.6320E-02
2480	7.9760E-03
2485	5.5680E-03
2490	3.4860E-03
2495	2.8560E-03
2500	7.0120E-03
