280	2.02865e-22
285	-2.33564e-15
290	-3.60702e-10
295	4.62868e-06
300	0.000479129
305	0.00808319
310	0.0300422
315	0.0681229
320	0.117847
325	0.167242
330	0.243392
335	0.249704
340	0.286281
345	0.270704
350	0.321595
355	0.387741
360	0.351121
365	0.431277
370	0.486637
375	0.409607
380	0.519478
385	0.434836
390	0.568237
395	0.514387
400	0.872157
405	0.88142
410	0.872085
415	0.946
420	0.92989
425	0.97637
430	0.73227
435	0.980765
440	1.04625
445	1.15955
450	1.2771
455	1.2836
460	1.2828
465	1.28985
470	1.2905
475	1.354
480	1.3682
485	1.3012
490	1.3297
495	1.37965
500	1.33035
505	1.3233
510	1.36985
515	1.3215
520	1.2932
525	1.394
530	1.3929
535	1.38205
540	1.3072
545	1.3767
550	1.37015
555	1.3822
560	1.3017
565	1.33445
570	1.30845
575	1.3253
580	1.33885
585	1.36805
590	1.1917
595	1.29275
600	1.318
605	1.341
610	1.31895
615	1.2968
620	1.3275
625	1.2645
630	1.2697
635	1.2907
640	1.2998
645	1.304
650	1.2299
655	1.2114
660	1.2606
665	1.2779
670	1.28995
675	1.2654
680	1.258
685	1.2363
690	1.06495
695	1.1416
700	1.157
705	1.195
710	1.19035
715	1.15485
720	0.878995
725	0.94335
730	0.996885
735	1.11555
740	1.09535
745	1.1385
750	1.12295
755	1.1299
760	0.479305
765	0.631
770	1.056
775	1.07745
780	1.0696
785	1.0596
790	1.01265
795	1.00361
800	0.98927
805	0.984015
810	0.967575
815	0.80626
820	0.838295
825	0.916695
830	0.86237
835	0.90046
840	0.934015
845	0.928895
850	0.862615
855	0.820415
860	0.91572
865	0.877855
870	0.88848
875	0.86457
880	0.86445
885	0.86892
890	0.863145
895	0.757645
900	0.59525
905	0.784425
910	0.619065
915	0.604915
920	0.718305
925	0.6628
930	0.430305
935	0.178675
940	0.43629
945	0.299785
950	0.314545
955	0.35386
960	0.37602
965	0.45404
970	0.625275
975	0.542795
980	0.5954
985	0.67736
990	0.69603
995	0.707265
1000	0.6917
1005	0.65405
1010	0.674625
1015	0.669195
1020	0.65044
1025	0.65267
1030	0.6463
1035	0.64151
1040	0.633795
1045	0.62434
1050	0.616995
1055	0.609385
1060	0.589325
1065	0.59335
1070	0.56188
1075	0.572715
1080	0.563455
1085	0.54764
1090	0.53424
1095	0.49904
1100	0.46817
1105	0.45323
1110	0.41373
1115	0.24936
1120	0.118415
1125	0.111348
1130	0.110483
1135	0.0225605
1140	0.26048
1145	0.10337
1150	0.14796
1155	0.2313
1160	0.299495
1165	0.36208
1170	0.42493
1175	0.383925
1180	0.45104
1185	0.398755
1190	0.435905
1195	0.43156
1200	0.391545
1205	0.390805
1210	0.413115
1215	0.40952
1220	0.431995
1225	0.43746
1230	0.441855
1235	0.447105
1240	0.438815
1245	0.4347
1250	0.435825
1255	0.42552
1260	0.40478
1265	0.36512
1270	0.314915
1275	0.392275
1280	0.40174
1285	0.406055
1290	0.39233
1295	0.383225
1300	0.357025
1305	0.33668
1310	0.32186
1315	0.27631
1320	0.247195
1325	0.289735
1330	0.1848
1335	0.19231
1340	0.16425
1345	0.080534
1350	0.015482
1355	0.000120831
1360	8.48281e-07
1365	1.9842e-06
1370	3.82217e-07
1375	0.00028042
1380	-9.42853e-05
1385	1.73842e-06
1390	0.000564406
1395	1.64156e-05
1400	0.000169398
1405	0.000273569
1410	0.00058601
1415	0.00203257
1420	0.00470845
1425	0.0238969
1430	0.0560871
1435	0.020955
1440	0.046129
1445	0.0503495
1450	0.0440395
1455	0.096347
1460	0.11005
1465	0.119342
1470	0.0593735
1475	0.140764
1480	0.092352
1485	0.123085
1490	0.190972
1495	0.184235
1500	0.23934
1505	0.17854
1510	0.228735
1515	0.242015
1520	0.250685
1525	0.256085
1530	0.25329
1535	0.25904
1540	0.25969
1545	0.26669
1550	0.2636
1555	0.25684
1560	0.25876
1565	0.25636
1570	0.236625
1575	0.23491
1580	0.235545
1585	0.247555
1590	0.228725
1595	0.247235
1600	0.22788
1605	0.22829
1610	0.21458
1615	0.231355
1620	0.2287
1625	0.232125
1630	0.23085
1635	0.226485
1640	0.21069
1645	0.214155
1650	0.21435
1655	0.21251
1660	0.215505
1665	0.20319
1670	0.21288
1675	0.20754
1680	0.200695
1685	0.200565
1690	0.197665
1695	0.201225
1700	0.194101
1705	0.1922
1710	0.1826
1715	0.1844
1720	0.1818
1725	0.1732
1730	0.1693
1735	0.1571
1740	0.1636
1745	0.1506
1750	0.1612
1755	0.1489
1760	0.1556
1765	0.1293
1770	0.1379
1775	0.1118
1780	0.09786
1785	0.07498
1790	0.08658
1795	0.04573
1800	0.03102
1805	0.01444
1810	0.009449
1815	0.0032
1820	0.000963
1825	0.001243
1830	5.075e-06
1835	6.26e-06
1840	6.116e-08
1845	6.112e-06
1850	2.926e-06
1855	2.771e-07
1860	1.089e-05
1865	1.66e-05
1870	2.607e-10
1875	4.417e-10
1880	7.59e-05
1885	4.3e-05
1890	0.0002189
1895	0.0001271
1900	8.467e-07
1905	5.564e-07
1910	2.266e-05
1915	1.962e-05
1920	0.0004432
1925	0.0009206
1930	0.0005432
1935	0.003533
1940	0.003226
1945	0.01068
1950	0.01643
1955	0.009857
1960	0.02151
1965	0.02803
1970	0.04792
1975	0.06654
1980	0.07402
1985	0.08139
1990	0.08388
1995	0.07955
2000	0.03738
2005	0.0147
2010	0.03896
2015	0.02613
2020	0.04411
2025	0.07257
2030	0.08322
2035	0.09453
2040	0.08809
2045	0.08938
2050	0.0667
2055	0.05393
2060	0.06796
2065	0.06078
2070	0.06453
2075	0.07608
2080	0.08528
2085	0.0836
2090	0.08752
2095	0.08816
2100	0.08462
2105	0.0915
2110	0.08806
2115	0.09005
2120	0.08603
2125	0.08705
2130	0.08816
2135	0.08842
2140	0.08913
2145	0.08788
2150	0.08313
2155	0.08332
2160	0.08267
2165	0.07496
2170	0.08054
2175	0.07903
2180	0.08036
2185	0.07324
2190	0.07768
2195	0.07761
2200	0.06997
2205	0.07273
2210	0.07795
2215	0.07497
2220	0.07641
2225	0.07418
2230	0.07451
2235	0.07308
2240	0.07193
2245	0.06971
2250	0.07083
2255	0.06667
2260	0.06595
2265	0.06716
2270	0.06395
2275	0.06312
2280	0.06536
2285	0.06221
2290	0.06235
2295	0.06043
2300	0.05802
2305	0.05837
2310	0.06301
2315	0.05736
2320	0.05134
2325	0.05546
2330	0.05607
2335	0.0572
2340	0.04523
2345	0.05072
2350	0.041
2355	0.04685
2360	0.04958
2365	0.04877
2370	0.03043
2375	0.04358
2380	0.04201
2385	0.03044
2390	0.03664
2395	0.04008
2400	0.0436
2405	0.03319
2410	0.03341
2415	0.02698
2420	0.02628
2425	0.03271
2430	0.0446
2435	0.01472
2440	0.0428
2445	0.0206
2450	0.01348
2455	0.02462
2460	0.03306
2465	0.02394
2470	0.01659
2475	0.01632
2480	0.007976
2485	0.005568
2490	0.003486
2495	0.002856
2500	0.007012
