300	0
305	2.24e-05
310	0.000103
315	0.00027
320	0.000468
325	0.000659
330	0.001
335	0.00102
340	0.00118
345	0.00123
350	0.00139
355	0.00149
360	0.00158
365	0.00186
370	0.00213
375	0.00226
380	0.00238
385	0.00245
390	0.00251
395	0.00308
400	0.00366
405	0.00399
410	0.00432
415	0.00443
420	0.00454
425	0.00438
430	0.00422
435	0.00474
440	0.00525
445	0.00577
450	0.00629
455	0.0064
460	0.00651
465	0.00654
470	0.00656
475	0.00672
480	0.00688
485	0.00674
490	0.00661
495	0.00668
500	0.00676
505	0.00689
510	0.00701
515	0.00683
520	0.00665
525	0.00689
530	0.00713
535	0.00713
540	0.00712
545	0.00718
550	0.00725
555	0.00722
560	0.0072
565	0.00717
570	0.00715
575	0.00705
580	0.00694
585	0.00684
590	0.00673
595	0.00684
600	0.00695
605	0.00705
610	0.00716
615	0.00712
620	0.00707
625	0.00703
630	0.00698
635	0.00698
640	0.00698
645	0.00698
650	0.00698
655	0.00696
660	0.00693
665	0.0069
670	0.00688
675	0.00657
680	0.00626
685	0.00596
690	0.00565
695	0.00588
700	0.00612
705	0.00636
710	0.00659
715	0.00583
720	0.00543
725	0.00559
730	0.00586
735	0.00612
740	0.00638
745	0.00635
750	0.00631
755	0.00624
760	0.00482
765	0.00446
770	0.00556
775	0.00577
780	0.00598
785	0.00592
790	0.00586
795	0.0058
800	0.00574
805	0.00541
810	0.00508
815	0.00475
820	0.00449
825	0.0045
830	0.00491
835	0.00513
840	0.00526
845	0.00528
850	0.00531
855	0.00533
860	0.00536
865	0.0053
870	0.00524
875	0.00518
880	0.00512
885	0.00519
890	0.00525
895	0.00532
900	0.00539
905	0.00546
910	0.00459
915	0.00372
920	0.00379
925	0.00386
930	0.00229
935	0.00171
940	0.00156
945	0.0017
950	0.00192
955	0.00227
960	0.00262
965	0.00297
970	0.00318
975	0.0034
980	0.00361
985	0.00381
990	0.00401
995	0.00413
1000	0.0041
1005	0.00407
1010	0.00403
1015	0.004
1020	0.00397
1025	0.00393
1030	0.0039
1035	0.00387
1040	0.00383
1045	0.00379
1050	0.00374
1055	0.00369
1060	0.00364
1065	0.0036
1070	0.00355
1075	0.00336
1080	0.00317
1085	0.00298
1090	0.00279
1095	0.0026
1100	0.00241
1105	0.00197
1110	0.00153
1115	0.00109
1120	0.000645
1125	0.00088
1130	0.00111
1135	0.000876
1140	0.000931
1145	0.00118
1150	0.00143
1155	0.00168
1160	0.00193
1165	0.00213
1170	0.00231
1175	0.00249
1180	0.00267
1185	0.00262
1190	0.00257
1195	0.00252
1200	0.00247
1205	0.00251
1210	0.00256
1215	0.0026
1220	0.00265
1225	0.00269
1230	0.00274
1235	0.00279
1240	0.00275
1245	0.00272
1250	0.00268
1255	0.00265
1260	0.00261
1265	0.00258
1270	0.00254
1275	0.00251
1280	0.00247
1285	0.00244
1290	0.0024
1295	0.00225
1300	0.00209
1305	0.00194
1310	0.00178
1315	0.00162
1320	0.00147
1325	0.00126
1330	0.00105
1335	0.000833
1340	0.000622
1345	0.00041
1350	0.000198
1355	0.000177
1360	0.000156
1365	0.000135
1370	0.000114
1375	9.31e-05
1380	7.21e-05
1385	5.12e-05
1390	3.02e-05
1395	9.21e-06
1400	4.39e-05
1405	7.87e-05
1410	0.000113
1415	0.000148
1420	0.000183
1425	0.000218
1430	0.000252
1435	0.000287
1440	0.000322
1445	0.000377
1450	0.000451
1455	0.000526
1460	0.000601
1465	0.000638
1470	0.000639
1475	0.00064
1480	0.000709
1485	0.000823
1490	0.000938
1495	0.00105
1500	0.00116
1505	0.00126
1510	0.00137
1515	0.00147
1520	0.00157
1525	0.00159
1530	0.00161
1535	0.00162
1540	0.00164
1545	0.00164
1550	0.00164
1555	0.00164
1560	0.00162
1565	0.00158
1570	0.00153
1575	0.00149
1580	0.00147
1585	0.00148
1590	0.00149
1595	0.00148
1600	0.00145
1605	0.00141
1610	0.00138
1615	0.00141
1620	0.00143
1625	0.00145
1630	0.00148
1635	0.00146
1640	0.00144
1645	0.00142
1650	0.00141
1655	0.0014
1660	0.00138
1665	0.00137
1670	0.00135
1675	0.00134
1680	0.00132
1685	0.0013
1690	0.00128
1695	0.00125
1700	0.00123
1705	0.00121
1710	0.00118
1715	0.00116
1720	0.00113
1725	0.00111
1730	0.00109
1735	0.00106
1740	0.00104
1745	0.000969
1750	0.000898
1755	0.000827
1760	0.000756
1765	0.000685
1770	0.000614
1775	0.000543
1780	0.000472
1785	0.000401
1790	0.00033
1795	0.000259
1800	0.000188
1805	0.000173
1810	0.000159
1815	0.000144
1820	0.000129
1825	0.000115
1830	9.99e-05
1835	8.53e-05
1840	7.06e-05
1845	5.59e-05
1850	4.12e-05
1855	2.65e-05
1860	1.18e-05
1865	1.14e-05
1870	1.1e-05
1875	1.07e-05
1880	1.03e-05
1885	9.93e-06
1890	9.53e-06
1895	9.14e-06
1900	8.75e-06
1905	8.35e-06
1910	8.02e-06
1915	7.63e-06
1920	7.23e-06
1925	2.25e-05
1930	3.78e-05
1935	5.31e-05
1940	6.84e-05
1945	8.36e-05
1950	9.9e-05
1955	0.000114
1960	0.00013
1965	0.000215
1970	0.000301
1975	0.000387
1980	0.000472
1985	0.000558
1990	0.00046
1995	0.000361
2000	0.000263
2005	0.000164
2010	0.000238
2015	0.000312
2020	0.000386
2025	0.00046
2030	0.000534
2035	0.000608
2040	0.000569
2045	0.000529
2050	0.000489
2055	0.00045
2060	0.00041
2065	0.00037
2070	0.000395
2075	0.00042
2080	0.000445
2085	0.000469
2090	0.000494
2095	0.000519
2100	0.000544
2105	0.000539
2110	0.000535
2115	0.00053
2120	0.000526
2125	0.000521
2130	0.000517
2135	0.000513
2140	0.000508
2145	0.000504
2150	0.000498
2155	0.000492
2160	0.000486
2165	0.000479
2170	0.000473
2175	0.000466
2180	0.00046
2185	0.000453
2190	0.000447
2195	0.00044
2200	0.000436
2205	0.000436
2210	0.000435
2215	0.000434
2220	0.000434
2225	0.000433
2230	0.000433
2235	0.000432
2240	0.000431
2245	0.000431
2250	0.00043
2255	0.000429
2260	0.000429
2265	0.000428
2270	0.000427
2275	0.000425
2280	0.000422
2285	0.000419
2290	0.000417
2295	0.000414
2300	0.000411
2305	0.000408
2310	0.000406
2315	0.000403
2320	0.0004
2325	0.000398
2330	0.000395
2335	0.000392
2340	0.00039
2345	0.000387
2350	0.000384
2355	0.000381
2360	0.000379
2365	0.000365
2370	0.000351
2375	0.000337
2380	0.000323
2385	0.00031
2390	0.000296
2395	0.000282
2400	0.000268
2405	0.000254
2410	0.000241
2415	0.000227
2420	0.000213
2425	0.000199
2430	0.000185
2435	0.000172
2440	0.000158
2445	0.000144
2450	0.00013
2455	0.000128
2460	0.000126
2465	0.000124
2470	0.000122
2475	0.00012
2480	0.000118
2485	0.000116
2490	0.000113
2495	0.000111
2500	0.000109
